C1AA09F6
Decoded NEC: C1AA09F6 (32 bits)
Raw (68): -14868 8950 -4350 650 -1550 650 -1550 650 -450 700 -450 650 -450 650 -450 700 -400 700 -1500 700 -1550 650 -450 700 -1500 700 -450 650 -1550 650 -450 650 -1600 650 -450 650 -450 650 -450 700 -450 650 -450 650 -1550 700 -400 700 -450 650 -1550 650 -1550 700 -1500 700 -1500 700 -1500 700 -450 650 -1550 700 -1550 650 -400 700 
C1AA09F6
Decoded NEC: C1AA09F6 (32 bits)
Raw (68): -13164 8900 -4450 600 -1600 600 -1600 600 -550 550 -550 600 -500 600 -550 550 -550 600 -1600 600 -1600 600 -550 550 -1650 600 -500 600 -1600 600 -550 550 -1650 600 -500 600 -500 600 -550 600 -500 600 -550 550 -1650 550 -550 600 -500 600 -1650 550 -1650 550 -1600 650 -1600 600 -1600 600 -550 550 -1650 550 -1650 600 -500 600 
C1AA09F6
Decoded NEC: C1AA09F6 (32 bits)
Raw (68): 2646 8900 -4450 600 -1600 600 -1600 600 -500 600 -550 600 -500 600 -550 550 -550 600 -1600 600 -1600 600 -550 550 -1600 600 -550 600 -1600 600 -500 600 -1650 550 -550 600 -500 600 -500 600 -550 600 -500 600 -1600 600 -550 600 -500 600 -1600 600 -1600 600 -1600 600 -1650 600 -1600 600 -500 600 -1600 600 -1600 600 -550 600 
C1AA09F6
Decoded NEC: C1AA09F6 (32 bits)
Raw (68): 3858 8950 -4400 600 -1600 600 -1650 550 -550 600 -500 600 -550 550 -550 600 -500 600 -1600 600 -1650 550 -550 600 -1600 600 -500 600 -1650 550 -550 600 -1600 600 -500 600 -550 550 -550 600 -500 600 -550 550 -1650 600 -500 600 -550 550 -1650 550 -1650 600 -1600 600 -1600 600 -1600 600 -550 550 -1650 600 -1600 600 -500 600 
C1AA09F6
Decoded NEC: C1AA09F6 (32 bits)
Raw (68): -1468 8900 -4450 550 -1650 550 -1650 600 -500 600 -550 550 -550 600 -500 600 -550 550 -1650 600 -1600 600 -500 600 -1650 550 -550 600 -1600 600 -500 600 -1650 550 -550 600 -500 600 -550 550 -550 600 -500 600 -1600 600 -550 550 -550 600 -1600 600 -1600 600 -1650 550 -1650 550 -1650 600 -500 600 -1600 600 -1650 550 -550 600 



C1AA09F6
Decoded NEC: C1AA09F6 (32 bits)
Raw (68): 2902 8900 -4400 600 -1600 600 -1600 650 -500 600 -500 600 -500 650 -450 650 -500 600 -1600 600 -1600 650 -450 650 -1600 600 -500 650 -1550 650 -500 600 -1600 600 -500 600 -500 650 -500 600 -500 650 -450 650 -1600 600 -500 600 -500 650 -1550 650 -1550 650 -1600 600 -1600 600 -1600 650 -450 650 -1550 650 -1600 600 -500 650 
C1AA09F6
Decoded NEC: C1AA09F6 (32 bits)
Raw (68): 25854 8900 -4400 650 -1600 600 -1550 650 -500 600 -500 650 -450 650 -500 600 -500 650 -1550 650 -1550 650 -500 600 -1600 600 -500 650 -1550 650 -500 600 -1600 600 -500 650 -500 600 -500 650 -450 650 -500 600 -1600 600 -500 650 -450 650 -1600 600 -1600 600 -1600 600 -1600 650 -1550 650 -500 600 -1600 600 -1600 600 -500 650 
C1AA09F6
Decoded NEC: C1AA09F6 (32 bits)
Raw (68): 31448 8900 -4400 650 -1600 600 -1600 600 -500 600 -500 650 -450 650 -500 600 -500 650 -1550 650 -1550 650 -500 600 -1600 650 -450 650 -1550 650 -500 600 -1600 650 -450 650 -500 600 -500 650 -450 650 -500 600 -1600 600 -500 650 -500 600 -1600 600 -1600 600 -1600 650 -1550 650 -1550 650 -500 600 -1600 600 -1600 650 -450 650 
C1AA09F6
Decoded NEC: C1AA09F6 (32 bits)
Raw (68): 2478 8950 -4350 650 -1550 650 -1600 600 -500 650 -450 650 -500 600 -500 650 -450 650 -1550 650 -1600 600 -500 650 -1550 650 -500 650 -1550 650 -450 650 -1550 650 -450 700 -450 650 -450 650 -500 650 -450 650 -1550 650 -450 650 -500 650 -1550 650 -1550 650 -1550 650 -1550 650 -1600 650 -450 650 -1550 650 -1550 650 -450 700 
C1AA09F6
Decoded NEC: C1AA09F6 (32 bits)
Raw (68): -25146 8950 -4350 650 -1550 650 -1550 650 -450 700 -450 650 -450 650 -450 700 -450 650 -1550 650 -1550 650 -450 700 -1550 650 -450 650 -1550 650 -450 700 -1550 650 -450 650 -450 650 -500 650 -450 650 -450 650 -1600 650 -450 650 -450 650 -1550 650 -1600 650 -1550 650 -1550 650 -1550 650 -450 650 -1600 600 -1600 600 -500 650 
C1AA09F6
Decoded NEC: C1AA09F6 (32 bits)
Raw (68): -13168 8900 -4400 650 -1550 650 -1550 650 -500 600 -500 650 -450 650 -500 600 -500 650 -1550 650 -1550 650 -500 600 -1600 650 -450 650 -1550 650 -500 650 -1550 650 -450 650 -450 700 -450 650 -450 650 -450 700 -1550 650 -450 650 -450 650 -1550 700 -1550 650 -1550 650 -1550 650 -1550 650 -450 700 -1550 650 -1550 650 -450 650 
C1AA09F6
Decoded NEC: C1AA09F6 (32 bits)
Raw (68): 10390 8900 -4400 600 -1600 650 -1550 650 -450 650 -500 600 -500 650 -450 650 -500 600 -1600 650 -1550 650 -450 650 -1600 600 -500 650 -1550 650 -450 650 -1600 600 -500 650 -450 650 -500 600 -500 650 -450 650 -1600 600 -500 600 -500 650 -1550 650 -1600 600 -1600 600 -1600 600 -1600 650 -450 650 -1600 600 -1600 600 -500 650 
C1AA09F6
Decoded NEC: C1AA09F6 (32 bits)
Raw (68): 7504 8900 -4400 650 -1550 650 -1550 650 -450 650 -500 650 -450 650 -500 600 -500 650 -1550 650 -1550 650 -500 600 -1600 600 -500 650 -1550 650 -500 600 -1600 600 -500 650 -500 600 -500 650 -450 650 -500 600 -1600 600 -500 650 -450 650 -1550 650 -1550 650 -1550 700 -1550 650 -1550 650 -450 650 -1600 600 -1600 600 -500 650 
C1AA09F6
Decoded NEC: C1AA09F6 (32 bits)
Raw (68): 2676 8900 -4350 700 -1550 650 -1550 650 -450 650 -450 700 -450 650 -450 650 -450 700 -1550 650 -1550 650 -450 650 -1550 650 -500 650 -1550 650 -450 650 -1550 650 -500 650 -450 650 -450 650 -500 650 -450 650 -1550 650 -500 650 -450 650 -1550 650 -1550 650 -1550 650 -1600 650 -1550 650 -450 650 -1550 650 -1550 650 -500 650 
C1AA09F6
Decoded NEC: C1AA09F6 (32 bits)
Raw (68): 31698 8900 -4350 650 -1550 650 -1600 600 -500 650 -450 650 -500 650 -450 650 -450 650 -1600 600 -1600 600 -500 650 -1550 650 -500 600 -1600 600 -500 650 -1550 650 -500 650 -450 650 -450 650 -500 600 -500 650 -1550 650 -450 650 -500 650 -1550 650 -1550 650 -1550 650 -1550 650 -1600 600 -500 650 -1550 650 -1550 650 -500 600 
C1AA09F6
Decoded NEC: C1AA09F6 (32 bits)
Raw (68): 3140 8950 -4350 600 -1600 650 -1550 650 -450 650 -500 600 -500 650 -500 600 -500 650 -1550 650 -1550 650 -500 600 -1600 600 -500 650 -1550 650 -500 600 -1600 600 -500 650 -450 650 -500 600 -500 650 -450 650 -1600 600 -500 650 -450 650 -1550 650 -1600 600 -1600 600 -1600 650 -1550 650 -450 650 -1600 600 -1600 600 -500 650 
C1AA09F6
Decoded NEC: C1AA09F6 (32 bits)
Raw (68): -28704 8900 -4400 600 -1600 600 -1600 650 -450 650 -500 600 -500 650 -450 650 -500 600 -1600 650 -1550 650 -450 650 -1550 650 -500 650 -1550 650 -450 650 -1550 650 -500 650 -450 650 -450 650 -500 650 -450 650 -1550 650 -500 600 -500 650 -1550 650 -1550 650 -1550 650 -1600 600 -1600 650 -450 650 -1550 650 -1550 650 -500 600 
C1AA09F6
Decoded NEC: C1AA09F6 (32 bits)
Raw (68): 5290 8900 -4400 650 -1550 650 -1550 650 -500 600 -500 650 -450 650 -500 600 -500 650 -1550 650 -1550 650 -500 600 -1600 650 -450 650 -1550 650 -500 600 -1600 650 -450 650 -450 650 -500 650 -450 650 -450 650 -1600 600 -500 650 -450 650 -1550 650 -1600 600 -1600 600 -1600 650 -1550 650 -450 650 -1600 600 -1600 650 -450 650 
C1AA09F6
Decoded NEC: C1AA09F6 (32 bits)
Raw (68): -12112 8900 -4350 650 -1600 600 -1600 600 -500 650 -450 650 -500 650 -450 650 -450 650 -1600 600 -1600 650 -450 650 -1550 650 -500 600 -1600 650 -450 650 -1550 650 -500 600 -500 650 -450 650 -500 600 -500 650 -1550 650 -500 600 -500 650 -1550 650 -1550 650 -1550 650 -1600 600 -1600 650 -450 650 -1550 650 -1550 650 -500 600 
C1AA09F6
Decoded NEC: C1AA09F6 (32 bits)
Raw (68): 23596 8900 -4350 650 -1550 650 -1550 650 -500 600 -500 650 -450 650 -500 600 -500 650 -1550 650 -1550 650 -500 600 -1600 650 -450 650 -1550 650 -500 650 -1550 650 -450 650 -500 600 -500 650 -450 650 -500 600 -1600 650 -450 650 -450 650 -1600 600 -1600 600 -1600 650 -1550 650 -1550 650 -500 600 -1600 600 -1600 650 -450 650 
C1AA09F6
Decoded NEC: C1AA09F6 (32 bits)
Raw (68): -1440 8900 -4400 600 -1600 600 -1600 600 -500 650 -500 600 -500 600 -500 650 -500 600 -1600 600 -1600 650 -450 650 -1550 650 -500 600 -1600 650 -450 650 -1550 650 -500 600 -500 650 -450 650 -500 600 -500 650 -1600 600 -500 600 -500 650 -1550 650 -1550 650 -1550 650 -1600 600 -1600 600 -500 650 -1550 650 -1550 650 -500 600 
